0111 000011 000011 000011 0000000000 // sub $3, $3, $3
0000 000000 000000 000000 0000000000
0000 000000 000000 000000 0000000000
0100 000011 000011 000001 0000000000 // add $3, $3, $1
0111 000100 000100 000100 0000000000 // sub $4, $4, $4
0100 000110 000001 000010 0000000000 // add $6, $1, $2
0000 000000 000000 000000 0000000000
0000 000000 000000 000000 0000000000
0110 000110 000110 000000 0000000000 // neg $6, $6
0000 000000 000000 000000 0000000000 
0000 000000 000000 000000 0000000000
0101 000110 000110 000000 0000000000 // inc $6, $6
0000 000000 000000 000000 0000000000
0000 000000 000000 000000 0000000000
0110 000110 000110 000000 0000000000 // neg $6, $6
1111 000111 0000000000000000000001   // LDPC $7, 1
1110 000101 000011 000000 0000000000 // LD $5, $3
0000 000000 000000 000000 0000000000 
0000 000000 000000 000000 0000000000
0100 000100 000100 000101 0000000000 // add $4, $4, $5
0101 000011 000011 000000 0000000000 // inc $3, $3
0000 000000 000000 000000 0000000000
0000 000000 000000 000000 0000000000
0111 001000 000011 000110 0000000000 // sub $8, $3, $6
1011 000000 000111 000000 0000000000 // BRN $7
0000 000000 000000 000000 0000000000
0000 000000 000000 000000 0000000000

0000 000000 000000 000000 0000000000
0000 000000 000000 000000 0000000000